Precisions : [0.2        0.93200363]
Recalls : [0.00485437 0.99951386]