Precisions : [0.06666667 0.34221311]
Recalls : [0.00436681 0.15754717]