Precisions : [0.         0.92295597]
Recalls : [0.         0.99878464]