Precisions : [0.92       0.41666667]
Recalls : [0.90393013 0.01415094]