Precisions : [0.90434783 0.36137072]
Recalls : [0.90829694 0.10943396]