Precisions : [0.93055556 0.33780161]
Recalls : [0.87772926 0.11886792]