Precisions : [0.92307692 0.3615222 ]
Recalls : [0.89082969 0.16132075]