Precisions : [0.91208791 0.36585366]
Recalls : [0.72489083 0.01415094]