Precisions : [0.06666667 0.93103448]
Recalls : [0.00485437 0.99756928]